16 16

33
0000000000000000
0000000100000000
0000000100000000
0000000100000000
0000000100000000
0000000100000000
0000000100000000
0000000100000000
0000000100000000
0000000100000000
0000000100000000
0000000000000000
0000000000000000
0000000100000000
0000000000000000
0000000000000000

48
0000000000000000
0000111111110000
0001000000001000
0001000000001000
0001000000001000
0001000000001000
0001000000001000
0001000110001000
0001000110001000
0001000000001000
0001000000001000
0001000000001000
0001000000001000
0001000000001000
0000111111110000
0000000000000000

49
0000000000000000
0000000010000000
0000000010000000
0000000010000000
0000000010000000
0000000010000000
0000000010000000
0000000010000000
0000000010000000
0000000010000000
0000000010000000
0000000010000000
0000000010000000
0000000010000000
0000000010000000
0000000000000000

50
0000000000000000
0000111111000000
0001000000100000
0010000000010000
0000000000001000
0000000000001000
0000000000001000
0000000000010000
0000000000100000
0000000001000000
0000000110000000
0000001000000000
0000110000000000
0001111111111000
0000000000000000
0000000000000000

51
0000000000000000
0000111110000000
0001000001100000
0000000000010000
0000000000010000
0000000000010000
0000000000100000
0000000011000000
0000000000100000
0000000000010000
0000000000010000
0000000000010000
0000000000100000
0000000001000000
0000011110000000
0000000000000000

52
0000000000000000
0000100000000000
0001100100000000
0001000100000000
0010000100000000
0010000100000000
0110000100011000
0111111111110000
0000000100000000
0000000100000000
0000000100000000
0000000100000000
0000000100000000
0000000000000000
0000000000000000
0000000000000000

53
0000000000000000
0000000000000000
0000111111110000
0000100000000000
0000100000000000
0000100000000000
0000100000000000
0001111111100000
0000000000010000
0000000000010000
0000000000110000
0001000001100000
0001111111000000
0000000000000000
0000000000000000
0000000000000000

54
0000000000000000
0000000011000000
0000001100000000
0000011000000000
0000010000000000
0000010110000000
0000011111000000
0000110000100000
0000100000010000
0000100000010000
0000100000010000
0000100000100000
0000110001100000
0000011111000000
0000000000000000
0000000000000000

55
0000000000000000
0000000000000000
0001111111100000
0000000001100000
0000000001000000
0000000010000000
0000000010000000
0000000110000000
0000000100000000
0000000100000000
0000000100000000
0000000100000000
0000000100000000
0000000000000000
0000000000000000
0000000000000000

56
0000000000000000
0000000000000000
0000111111000000
0000100001000000
0000100010000000
0000100110000000
0000110100000000
0000001100000000
0000011011000000
0000010001100000
0000010000100000
0000010000100000
0000010000100000
0000001111000000
0000000110000000
0000000000000000

57
0000000000000000
0000001111100000
0000111000100000
0001100001100000
0001000001000000
0001100011000000
0000111111000000
0000000010000000
0000000010000000
0000000110000000
0000000100000000
0000000100000000
0000000100000000
0000000100000000
0000000000000000
0000000000000000

58
0000000000000000
0000000000000000
0000000000000000
0000000100000000
0000001110000000
0000001110000000
0000001100000000
0000000000000000
0000000000000000
0000000000000000
0000000100000000
0000001110000000
0000001110000000
0000000000000000
0000000000000000
0000000000000000

97
0000000000000000
0000000000000000
0000000000000000
0001111100000000
0011000110000000
0110000010000000
0100000010000000
0100000111000000
0110001101000000
0011111001100000
0000000000110000
0000000000000000
0000000000000000
0000000000000000
0000000000000000
0000000000000000

98
0000000000000000
0000100000000000
0000100000000000
0000100000000000
0000100000000000
0000100000000000
0000111110000000
0000110001000000
0000100000100000
0000100000100000
0000100000100000
0000100000100000
0000110111000000
0000001100000000
0000000000000000
0000000000000000

99
0000000000000000
0000000000000000
0000000000000000
0000111110000000
0000100000000000
0001000000000000
0001000000000000
0001000000000000
0001000000000000
0000110010000000
0000011110000000
0000000000000000
0000000000000000
0000000000000000
0000000000000000
0000000000000000

100
0000000000000000
0000000000000000
0000000001000000
0000000001000000
0000000001000000
0000000001000000
0000111111000000
0000100001000000
0001000011000000
0001000011100000
0001000100100000
0001111100100000
0000000000000000
0000000000000000
0000000000000000
0000000000000000

101
0000000000000000
0000000000000000
0000000000000000
0000000000000000
0000000000000000
0000000000000000
0000011110000000
0000110001000000
0000100001100000
0000100001100000
0000111110000000
0000100000000000
0000100000000000
0000111000000000
0000001111100000
0000000000000000

102
0000000000000000
0000000000000000
0000000001100000
0000000110000000
0000000100000000
0000000100000000
0001111111100000
0000000100000000
0000000100000000
0000000100000000
0000001100000000
0000001000000000
0000011000000000
0000000000000000
0000000000000000
0000000000000000

103
0000000000000000
0000000000000000
0000000000000000
0000011111000000
0000010001000000
0000010001000000
0000010011000000
0000001101000000
0000000001000000
0000000001000000
0000000001000000
0000000001000000
0000100001000000
0000110110000000
0000001100000000
0000000000000000

104
0000000000000000
0000100000000000
0000100000000000
0000100000000000
0000100000000000
0000100111000000
0000101101100000
0000110000100000
0000110000100000
0000100000110000
0000100000010000
0000100000010000
0000100000010000
0000100000010000
0000100000010000
0000000000000000

105
0000000000000000
0000000000000000
0000000000000000
0000000100000000
0000000000000000
0000000000000000
0000011100000000
0000000100000000
0000000100000000
0000000100000000
0000000100000000
0000000111100000
0000000000000000
0000000000000000
0000000000000000
0000000000000000

106
0000000000000000
0000000100000000
0000000000000000
0000000000000000
0000000100000000
0000000100000000
0000000100000000
0000000100000000
0000000100000000
0001000100000000
0001000100000000
0000100100000000
0000111100000000
0000000000000000
0000000000000000
0000000000000000

107
0000000000000000
0000000000000000
0000010000000000
0000010000000000
0000010000000000
0000010001000000
0000010110000000
0000011100000000
0000011111000000
0000010001100000
0000010000110000
0000010000010000
0000000000000000
0000000000000000
0000000000000000
0000000000000000

108
0000000000000000
0001111000000000
0000001100000000
0000000100000000
0000000100000000
0000000100000000
0000000100000000
0000000100000000
0000000100000000
0000000100000000
0000000100000000
0000000100000000
0000000100000000
0000000010000000
0000000001100000
0000000000000000

109
0000000000000000
0000000000000000
0000000000000000
0000000000000000
0000000000000000
0000010001110000
0000111111010000
0001000110010000
0001000110010000
0001000100001000
0001000100001000
0001000100001000
0000000000000000
0000000000000000
0000000000000000
0000000000000000

110
0000000000000000
0000000000000000
0000000000000000
0000000000000000
0000101100000000
0000111010000000
0000110001000000
0000100001000000
0000100001000000
0000100001000000
0000100001000000
0000000000000000
0000000000000000
0000000000000000
0000000000000000
0000000000000000

111
0000000000000000
0000000000000000
0000000000000000
0000000000000000
0000000000000000
0000000000000000
0000000000000000
0000011100000000
0000110110000000
0000100001000000
0001000001100000
0001100000100000
0000110001100000
0000011111000000
0000000000000000
0000000000000000

112
0000000000000000
0000000000000000
0000000000000000
0000000000000000
0000000000000000
0000000000000000
0000000000000000
0000011110000000
0000010011000000
0000010110000000
0000011100000000
0000010000000000
0000010000000000
0000010000000000
0000011000000000
0000000000000000

113
0000000000000000
0000000000000000
0000000000000000
0000000000000000
0000000000000000
0000000000000000
0000000000000000
0000011110000000
0000110110000000
0000100110000000
0000100110000000
0000011110000000
0000000010000000
0000000010000000
0000000010000000
0000000010000000

114
0000000000000000
0000000000000000
0000000000000000
0000000000000000
0000000000000000
0000000000000000
0000000000000000
0000000111000000
0000011101000000
0000011000000000
0000011000000000
0000011000000000
0000001000000000
0000001000000000
0000000000000000
0000000000000000

115
0000000000000000
0000000000000000
0000000000000000
0000000000000000
0000000000000000
0000000000000000
0000000000000000
0000000000000000
0000001110000000
0000010000000000
0000010000000000
0000011110000000
0000000010000000
0000010110000000
0000011100000000
0000000000000000

116
0000000000000000
0000000000000000
0000000000000000
0000000000000000
0000000000000000
0000000000000000
0000000100000000
0000000100000000
0000111111110000
0000000100000000
0000000100000000
0000000100000000
0000000111100000
0000000001100000
0000000000000000
0000000000000000

117
0000000000000000
0000000000000000
0000000000000000
0000000000000000
0000000000000000
0000000000000000
0000000000000000
0000100000000000
0000100000100000
0000100000100000
0000100000100000
0000100001100000
0000110011110000
0000001110010000
0000000000010000
0000000000000000

118
0000000000000000
0000000000000000
0000000000000000
0000000000000000
0000000000000000
0000000000000000
0000000000000000
0000010000100000
0000010000100000
0000010001100000
0000001001000000
0000001001000000
0000001110000000
0000000110000000
0000000010000000
0000000000000000

119
0000000000000000
0000000000000000
0000000000000000
0000000000000000
0000000000000000
0000000000000000
0000000000000000
0110000110001000
0010000110001000
0011001011011000
0001001001010000
0001010001110000
0000110000110000
0000110000100000
0000000000000000
0000000000000000

120
0000000000000000
0000000000000000
0000000000000000
0000000000000000
0000000000000000
0000000000000000
0000000000000000
0001000001100000
0000100001000000
0000011110000000
0000001100000000
0000001110000000
0000010011000000
0000100000100000
0001000000010000
0000000000000000

121
0000000000000000
0000000000000000
0000100000000000
0000100001100000
0000011011000000
0000001010000000
0000001100000000
0000001100000000
0000000100000000
0000000100000000
0000000100000000
0000000100000000
0000000000000000
0000000000000000
0000000000000000
0000000000000000

122
0000000000000000
0000000000000000
0000000000000000
0000000000000000
0000000000000000
0000111111000000
0000000010000000
0000000100000000
0000001000000000
0000010000000000
0000111111100000
0000100000000000
0000000000000000
0000000000000000
0000000000000000
0000000000000000
